75 78 81 82 80
14 15 18 21 24 26 28 28
61 63 64 66 68 70 73 77
13 14 17 18 19 26
60 63 65 62 63 66 69 70
18 21 23 25 28 26 29 26
86 87 90 88 88
69 70 73 74 73 74 78
54 55 56 57 56 62
33 34 36 36 39
8 9 11 11 13 10
52 54 56 57 57 57
25 27 28 28 31 35
71 73 73 76 82
3 5 6 8 11 12 16 19
59 62 66 69 71 69
19 20 24 25 26 26
1 2 6 8 12
61 62 63 66 68 69 73 78
43 46 48 55 58 59 60 63
35 38 40 45 46 47 44
84 85 86 87 94 94
80 83 90 91 93 95 99
53 56 58 61 68 73
62 61 62 63 65 67 68 71
56 55 57 58 59 60 58
52 50 53 55 57 57
18 16 19 20 22 26
42 39 42 45 47 50 55
67 64 65 68 71 69 72 74
37 34 37 34 31
75 72 74 73 75 77 77
90 88 90 91 90 91 95
72 70 72 69 70 76
71 70 71 71 73
83 80 80 81 80
68 66 69 72 72 75 75
45 44 45 48 48 50 54
64 62 65 65 72
39 37 39 43 46 48 51 52
28 27 31 33 32
25 22 26 29 29
72 71 72 75 79 82 86
70 68 71 75 76 78 81 88
89 87 89 90 96 97
8 7 9 14 17 16
31 29 30 37 40 43 45 45
44 41 43 50 52 53 57
4 1 2 9 15
6 6 9 11 12 13 16
36 36 37 40 43 45 47 46
88 88 89 91 94 94
13 13 16 19 21 22 26
17 17 19 20 21 24 26 31
21 21 22 21 24
73 73 71 72 74 77 80 79
31 31 33 34 37 36 36
21 21 20 23 27
31 31 29 31 37
55 55 58 60 60 63 64
28 28 31 31 29
69 69 70 73 74 74 74
12 12 15 17 18 18 19 23
5 5 5 6 13
61 61 63 67 68
37 37 39 42 43 47 46
76 76 79 82 86 86
43 43 47 50 53 55 56 60
51 51 52 55 59 60 67
75 75 78 81 88 90 92
53 53 55 57 59 61 68 67
86 86 87 88 94 94
60 60 62 64 67 74 78
71 71 74 81 83 86 93
22 26 29 30 31 32 34 36
47 51 52 55 57 55
39 43 45 46 46
72 76 79 82 83 87
38 42 44 47 50 51 52 57
79 83 81 84 86
3 7 4 7 8 11 12 10
44 48 50 52 51 54 54
83 87 90 92 89 93
68 72 73 76 74 81
24 28 31 31 32 34 37
58 62 62 63 65 66 64
28 32 32 35 35
40 44 45 45 47 50 51 55
31 35 36 37 39 42 42 49
17 21 24 26 30 32 33 35
67 71 73 74 78 81 78
79 83 85 89 92 92
37 41 44 45 46 50 54
72 76 79 81 85 88 89 96
46 50 57 58 59 62 65
66 70 75 76 77 75
16 20 26 29 29
32 36 41 42 44 46 50
61 65 66 68 75 78 80 85
14 19 20 22 25 27 29 31
16 22 24 26 24
5 12 14 17 18 19 22 22
16 22 24 27 29 30 32 36
37 43 46 49 52 53 60
10 16 13 15 16 19
67 73 76 75 73
1 7 9 10 8 8
37 42 41 44 46 48 50 54
62 67 66 68 74
41 48 51 51 53
53 59 62 63 63 66 65
66 73 73 76 76
49 55 55 56 60
43 50 50 52 54 57 64
9 15 18 22 25
10 15 19 20 22 19
34 41 42 46 47 48 51 51
24 30 34 36 37 40 43 47
39 46 50 51 57
11 18 21 23 26 32 34
62 67 70 77 75
80 86 91 92 93 93
65 72 73 80 83 87
39 46 48 54 59
79 76 74 73 70 73
13 12 11 9 9
53 51 49 47 43
59 58 55 52 50 47 46 39
8 6 9 6 5 4 3 1
26 23 25 23 22 24
62 61 64 61 60 58 57 57
59 58 59 57 55 51
28 26 23 24 21 20 15
80 77 76 76 74 73
35 34 31 30 30 31
7 6 5 5 5
99 96 93 92 92 89 85
74 73 72 72 71 70 69 62
28 27 25 21 20
40 38 35 32 29 25 24 25
96 93 90 88 87 83 80 80
32 29 25 22 18
39 36 33 29 27 24 18
44 41 38 37 31 30
62 61 54 51 54
83 81 74 72 71 68 68
33 30 28 27 24 18 16 12
91 89 88 87 82 80 78 73
31 34 33 32 31 29 26 24
16 17 15 14 17
51 54 51 49 46 46
91 92 89 86 85 81
36 39 36 33 32 27
12 14 16 14 13 10 8
87 90 87 84 82 80 83 86
47 48 47 46 44 43 46 46
86 87 88 87 85 82 79 75
69 70 69 66 65 64 65 58
57 60 59 59 57
83 85 84 84 87
84 85 83 80 79 78 78 78
93 94 92 89 89 85
41 42 40 37 37 35 33 26
32 34 30 27 25 23
42 44 40 38 37 34 31 33
72 75 74 71 67 64 62 62
87 88 86 85 81 77
43 46 43 39 38 37 31
82 84 82 81 74 72
35 37 32 31 30 32
58 60 59 54 54
90 92 89 84 82 78
87 89 88 83 81 80 78 73
30 30 27 26 25
44 44 43 40 39 37 35 36
61 61 59 58 55 55
25 25 24 21 17
85 85 84 82 79 78 73
77 77 75 77 75 72
78 78 76 79 80
42 42 40 38 40 38 37 37
59 59 58 59 58 54
58 58 56 55 53 52 55 49
75 75 74 74 72 71 68 66
72 72 72 69 68 67 68
39 39 36 36 33 33
32 32 32 29 27 26 24 20
92 92 91 90 89 88 88 83
51 51 50 49 48 44 43
36 36 35 34 32 28 26 29
81 81 78 76 73 69 69
18 18 14 12 9 8 6 2
65 65 61 59 57 54 47
90 90 83 82 81
90 90 83 81 79 77 74 77
46 46 43 37 36 33 33
22 22 20 17 11 8 4
78 78 72 71 69 66 61
58 54 52 50 48
51 47 45 44 42 41 43
39 35 32 29 29
50 46 43 40 37 36 35 31
35 31 29 28 27 26 24 18
95 91 88 85 88 85 82
96 92 89 87 86 84 85 86
68 64 61 64 63 63
40 36 35 37 33
46 42 44 43 41 38 33
17 13 11 10 7 7 5 3
78 74 71 69 68 68 70
58 54 51 51 50 48 48
49 45 43 42 42 40 36
42 38 38 35 34 29
25 21 20 17 16 12 10
98 94 90 87 90
75 71 67 64 61 58 58
77 73 70 68 66 62 58
74 70 68 64 62 59 53
69 65 59 56 55 53
86 82 79 76 74 69 70
57 53 50 44 43 40 40
28 24 18 15 14 11 7
76 72 71 69 64 61 55
92 86 85 83 80 78 75
31 24 23 21 19 17 20
66 61 58 57 54 54
92 86 85 82 81 80 76
37 31 30 28 25 22 17
72 67 69 68 65 63
15 8 6 9 11
17 11 14 12 11 9 6 6
27 22 19 20 17 15 14 10
62 57 54 52 50 51 44
86 79 77 77 75 74
51 44 44 42 43
42 36 36 35 34 33 30 30
39 32 30 29 27 27 25 21
91 84 84 81 75
40 35 31 28 26 23 21 18
73 67 66 64 61 57 60
39 33 29 27 25 23 23
50 43 40 39 36 35 31 27
60 54 53 52 48 45 42 37
90 84 83 82 75 74 72
82 76 73 70 69 62 59 62
58 51 48 45 38 36 36
96 91 90 85 81
53 48 45 44 43 37 36 30
47 48 50 53 52
49 50 53 54 56 57 57
43 46 47 49 52 56
84 85 86 87 88 91 96
41 42 45 47 44 46
58 59 60 58 59 60 57
88 91 94 92 95 96 96
42 44 41 44 48
36 38 37 40 47
55 58 60 60 63
6 7 9 9 7
33 35 38 41 42 43 43 43
4 6 6 9 12 16
9 10 12 12 13 16 23
74 75 79 82 85 88 91
71 73 76 80 83 80
70 71 75 77 79 79
36 38 41 43 47 51
63 66 69 70 71 72 76 81
4 6 8 9 12 14 20 22
32 35 37 44 47 50 52 51
7 10 16 18 19 21 21
24 26 32 33 34 36 38 42
43 44 51 53 59
62 59 61 63 65 67 70
28 25 27 28 30 33 34 33
46 45 47 49 50 51 51
7 6 9 10 12 16
29 27 29 32 38
46 45 47 45 46
4 2 4 5 8 9 6 5
9 8 5 8 10 10
80 78 75 76 80
51 50 51 52 53 52 55 61
26 24 25 27 27 28
87 86 88 90 91 91 94 91
30 29 29 31 33 34 35 35
31 30 30 33 36 40
29 27 27 30 32 35 36 41
75 72 75 77 81 84
22 20 22 26 25
74 71 75 76 76
55 53 56 60 61 65
49 48 52 53 59
8 7 8 15 18 20
4 2 4 10 13 10
31 28 35 38 39 41 41
76 75 80 81 83 87
54 53 59 60 65
45 45 47 50 52 54 57 58
31 31 34 36 39 41 43 40
70 70 72 75 75
38 38 40 43 45 48 52
51 51 52 54 60
69 69 70 69 70
59 59 61 64 63 65 63
32 32 34 32 32
71 71 70 73 75 79
71 71 68 69 76
16 16 19 19 21 23 24
58 58 60 60 58
13 13 16 19 19 19
53 53 55 55 59
84 84 87 88 88 89 95
8 8 12 13 16
50 50 52 56 54
17 17 20 22 26 29 29
9 9 11 12 16 19 23
23 23 25 29 30 33 35 42
21 21 22 29 30
51 51 52 54 55 61 58
21 21 24 31 33 34 35 35
75 75 80 82 86
42 42 45 51 56
21 25 28 31 33 36
35 39 40 41 42 41
1 5 7 10 12 13 13
77 81 82 83 86 88 92
40 44 47 50 56
49 53 51 52 53 55 56
63 67 68 71 69 66
79 83 82 83 83
89 93 96 97 95 99
71 75 76 73 79
62 66 66 68 71
18 22 22 25 26 27 28 27
13 17 17 19 19
54 58 58 61 65
43 47 48 50 51 51 56
86 90 92 96 98
51 55 56 60 61 59
49 53 54 56 59 63 63
34 38 39 41 43 46 50 54
82 86 90 91 96
40 44 46 48 53 56
1 5 7 12 10
76 80 86 89 92 94 97 97
42 46 48 53 56 58 62
60 64 66 69 71 78 80 86
61 68 71 74 76 77 78
64 70 72 75 78 76
78 83 85 87 87
50 55 56 57 61
80 86 89 92 99
51 56 59 62 64 62 64
24 30 31 29 30 32 29
84 89 91 92 89 89
49 54 55 58 59 62 60 64
16 23 22 24 25 28 34
23 28 28 31 34 37 40 42
8 14 17 17 20 19
46 52 52 53 53
52 59 59 61 64 68
29 36 38 40 42 42 43 48
62 68 71 74 77 79 83 84
75 80 81 82 86 83
72 78 80 84 86 88 91 91
45 50 54 57 58 61 65
14 21 24 27 30 31 35 40
16 21 28 31 34
28 33 38 39 38
48 54 60 61 61
25 31 33 34 41 45
11 17 20 25 28 33
30 27 26 24 22 24
32 30 28 26 24 22 22
46 44 43 41 39 35
65 62 60 59 57 52
22 20 17 14 11 13 10 8
78 76 73 76 75 73 72 75
47 44 43 40 42 41 40 40
70 67 69 67 63
11 9 7 8 3
35 34 31 29 29 27 26 24
88 85 85 82 84
78 76 76 75 74 73 73
76 75 72 72 70 69 65
32 29 27 27 26 19
49 47 43 41 38 36
67 65 64 60 59 58 55 57
83 81 80 77 73 73
22 21 17 16 14 12 8
29 28 24 22 21 14
90 88 83 80 77 74
58 56 55 48 45 48
12 11 8 3 2 2
94 91 86 84 82 78
64 61 54 51 50 47 45 38
21 23 22 19 17 16
62 63 62 60 59 56 58
46 49 46 44 42 41 41
83 86 83 81 80 78 74
52 54 51 50 48 45 42 37
49 52 50 51 50
50 52 50 53 56
39 40 43 41 40 39 37 37
71 72 70 68 69 66 62
42 45 42 39 40 33
45 46 43 40 37 37 35
80 82 82 80 79 78 80
86 89 88 87 87 85 82 82
22 23 20 20 19 15
77 78 77 74 74 72 65
24 27 23 22 20
53 55 53 51 47 49
17 20 16 15 12 10 7 7
87 89 88 87 86 85 81 77
28 30 26 23 21 16
57 58 55 54 48 45
78 80 79 72 70 73
75 77 72 69 69
29 31 25 22 19 16 12
67 68 65 60 54
20 20 17 15 12 9
33 33 32 29 27 28
87 87 84 82 79 78 78
13 13 12 10 9 5
79 79 78 76 75 70
97 97 98 97 94
75 75 74 73 72 71 72 75
65 65 66 65 63 63
66 66 69 66 62
12 12 10 7 9 3
18 18 17 17 16 13 12 10
25 25 25 23 24
27 27 25 22 20 20 19 19
85 85 85 84 82 78
26 26 26 25 24 22 21 14
76 76 73 70 66 64 62 60
54 54 50 48 46 48
14 14 13 9 9
61 61 59 55 52 51 47
78 78 76 72 67
38 38 33 32 29
57 57 51 48 46 47
41 41 36 33 30 27 27
74 74 68 67 63
69 69 62 60 58 52
25 21 19 16 14 11
39 35 33 30 28 25 22 25
58 54 52 51 50 49 49
31 27 25 24 21 19 17 13
83 79 77 76 75 74 71 64
38 34 37 35 34
50 46 43 42 45 46
78 74 77 76 73 73
14 10 9 10 9 5
33 29 31 30 24
41 37 37 35 32
62 58 57 55 55 58
17 13 11 9 6 6 4 4
25 21 19 17 15 15 11
60 56 56 53 48
53 49 45 42 40
34 30 28 26 25 21 20 22
99 95 94 90 89 88 85 85
43 39 35 33 31 27
75 71 69 67 63 57
59 55 54 47 44
48 44 37 34 36
42 38 33 30 27 27
63 59 54 53 50 47 43
71 67 66 60 57 54 48
55 48 46 44 41
56 49 48 45 42 45
89 84 82 79 77 74 74
51 44 41 38 35 33 29
88 82 80 77 70
81 75 72 75 72
58 52 51 48 45 46 43 44
78 72 71 68 70 68 65 65
52 47 50 48 47 44 43 39
18 11 14 11 8 7 6 1
78 72 70 70 68 67 66
72 65 63 63 61 63
28 21 21 19 16 13 11 11
89 82 82 81 77
50 44 44 43 40 38 33
70 65 62 59 58 54 51 48
29 22 21 19 16 12 15
82 76 74 70 67 64 64
20 14 11 7 3
42 36 35 31 30 27 24 19
64 58 56 54 51 45 42 41
29 24 22 21 16 14 11 13
62 57 52 50 50
65 59 52 49 46 44 42 38
76 71 66 64 58
41 47 50 53 52
26 20 17 15 15
76 77 84 86 87 87
16 13 13 11 5
63 61 59 57 54 51 50 46
69 69 63 62 59
94 92 91 92 89 86 83 86
83 87 90 92 94 98 98
69 69 70 71 75
81 78 81 81 86
82 76 75 72 68 67 66 66
86 84 81 84 79
10 9 10 12 13 15 16
49 53 50 53 55 52
84 87 89 90 89 90 94
24 24 22 24 21 20 22
77 79 72 70 68 71
33 35 33 31 28 23 17
35 33 31 26 25 23 22 22
70 74 77 77 78 81 84 84
72 69 67 64 63 66 63
36 39 40 40 42 45 42
20 16 16 15 13
54 47 46 41 41
64 63 62 60 58 60 56
33 26 28 25 22 19 18 12
2 6 9 12 12 13 11
42 45 49 52 54 51
84 78 78 75 74 72 72
84 84 83 81 80 77 73 68
71 71 75 76 83
67 67 64 58 56 52
52 57 54 55 56 57 59
96 94 92 91 87 80
74 69 67 66 62 64
60 60 62 63 62
85 81 79 79 79
53 57 59 60 62 65
72 74 75 76 77 78 82
19 15 13 9 7
60 53 50 49 47 45 40
41 37 36 33 30 26 22
43 45 42 40 37 31
19 26 29 31 33 37
49 42 41 40 39 40
46 46 49 47 47
71 66 63 60 55 52 49 50
24 28 29 30 31 37 40 39
23 23 22 21 19 18 15 9
48 48 51 51 51
39 39 38 34 30
37 37 39 42 45 48 54 51
30 28 25 23 21 18 16 17
30 31 34 39 37
46 51 52 54 54 55 57
94 94 93 94 90
41 45 46 47 50 56 57 57
65 66 64 60 61
28 27 28 35 41
83 83 83 80 80
81 77 74 71 71 67
86 83 82 81 79 76 71
79 72 69 65 64 61
86 88 87 86 85 82 82 78
32 33 33 34 37 40 43
5 9 11 13 16 19 18
16 13 15 18 15
47 43 40 37 35 31
46 39 37 37 35 31
3 3 6 6 5
48 52 53 55 56 59 59 66
43 44 44 47 49 55
54 59 62 69 70
40 40 38 36 34 31 27 24
98 91 91 88 85 88
20 20 21 25 26 27 29 29
88 82 84 81 81
85 85 82 80 79 78 76
79 81 77 74 72 71 70
38 34 30 28 25 18
88 85 83 80 77 77 77
66 66 65 62 62 60 56
31 34 32 30 29 27
26 24 27 26 26
94 94 93 86 85 84 83 85
28 27 28 32 34 35 37 37
97 95 95 94 92 93
62 62 64 62 63 66 68 72
70 70 67 64 61 59 59
76 73 69 67 67
42 42 38 37 37
25 29 32 33 36 40 42 40
49 52 52 55 56 57 61
85 83 84 87 93
46 50 56 58 60 61
22 18 15 11 8 5 8
68 64 63 63 66
10 10 11 13 16 19 21
18 14 11 8 6 4 3 1
54 55 54 55 52 52
46 46 48 50 47 50 52
94 90 89 88 85 83 84
79 86 87 88 91 95 92
78 78 80 84 82
11 11 12 15 16 17 20 20
16 22 20 23 24 26 33
51 50 47 44 42 40 38 38
53 46 45 44 42 39
67 67 66 65 59 54
66 71 71 74 75 77 79 79
36 32 31 28 28
17 14 21 23 21
86 83 81 77 75
62 55 50 49 45
19 25 26 27 30 31 28 28
34 38 41 47 48 49 51 55
51 51 49 47 46 42
78 78 76 76 75 74 73 75
81 85 86 89 93 98
76 72 73 72 70
15 17 16 13 15 11
44 46 49 56 58 59
43 43 45 45 48 51 53 60
88 84 83 80 78 79 82
37 33 30 29 28 30 27 20
45 51 54 56 59 61 63 63
45 44 47 47 48 46
52 46 44 40 33
27 33 36 39 45 47 50 55
76 78 79 84 88
14 13 12 11 7 4 5
59 64 68 69 70 71 71
74 67 70 68 66 64 62
76 76 74 74 73 70 64
31 35 35 36 39 40 43 45
94 92 93 91 93 94 96 99
11 11 10 11 12 15 15
25 22 25 26 26 28 28
33 35 35 32 30 28 27 29
50 52 50 47 43 43
73 77 80 77 80 81 83 87
78 75 78 81 84 86 83 89
39 41 39 42 44 42
42 40 40 39 35
73 70 69 64 61 57
99 92 91 88 81 74
95 96 89 86 85 81
1 1 1 4 7 11
36 37 30 27 26 24 21
23 20 16 13 11 7
54 57 56 55 56 58
92 88 86 85 85 82 80 74
20 23 21 21 20 17 15 9
11 15 16 17 17 20 21 25
36 40 39 42 44 51
36 32 31 30 25 23 19
80 84 86 92 97
19 20 18 14 10
4 3 6 8 9 13 16
84 84 88 91 95
26 26 24 21 18 15 18
99 92 89 86 88 85 87
68 66 68 71 73 76 80 86
23 22 27 29 33
65 68 68 67 66 65
46 50 52 55 59 60 62 65
45 51 52 53 56 56 58 55
20 26 27 29 31 34 36 41
15 15 16 18 16 21
62 58 56 52 49 48 47 47
8 11 14 17 19 22 20
54 55 57 59 65 68 70 77
60 56 54 51 50 45 42 36
57 54 58 60 64
32 36 39 42 43 46 49 55
46 45 48 51 52 59 61
30 26 19 18 17 16 14 14
81 84 81 84 87 90 91
84 85 84 81 83 77
27 20 13 10 7 6 3
63 59 56 54 51 45
14 14 11 13 8
53 49 46 49 46 44 44
61 64 67 68 69 72 74 77
58 60 61 64 65 68 71
61 63 65 68 71 74 76
18 21 24 27 30 32
15 17 18 21 22 24 26
40 41 44 46 48 49 51
35 37 39 41 44 45
9 12 13 15 17 20
32 34 36 38 40 43
60 58 57 55 52 49
68 67 65 62 60 57 55 53
34 35 36 39 42 45 47 48
22 21 20 18 16 13 10 9
76 77 79 81 83
81 82 85 86 89 92 95
24 27 28 30 31 34 37 40
2 5 8 10 13 15 18
76 79 81 84 87 88
41 40 39 37 36 34 33 32
29 27 25 22 21 18
83 81 78 77 74 73 72
97 94 92 90 89
35 37 40 42 45 48
33 32 30 29 27 25
18 17 16 15 14 11 10
67 69 70 71 73 76 77 80
44 43 41 40 37 36
68 65 63 62 61 59
87 86 83 82 80 78
41 38 37 34 31 29
5 7 8 11 13 14
59 61 62 65 66
20 21 24 26 28 31 32 33
33 36 38 39 41 42 44
42 41 39 37 34 33 31
18 21 23 26 29 32 33
88 87 85 82 79
60 61 62 65 68
82 80 77 76 73
20 18 15 14 11 9
84 82 79 77 74 73 72 70
66 63 62 61 58 56 53
44 43 41 39 37
82 79 78 75 73 72 69
76 77 78 81 82 84
8 11 13 14 16 18
17 20 22 25 27 30 31 32
74 72 70 67 65 63 60 57
14 13 11 9 8 7 5
59 61 63 66 67 70
81 83 84 85 88 91
42 41 39 37 34 33
36 39 40 41 42
56 55 52 49 46 43 41 38
74 73 72 69 66 63 60
80 81 82 85 87
56 57 59 60 61
9 8 7 6 3 2
22 19 18 17 16
36 39 41 44 46 48 49
4 7 9 12 14 17
46 44 43 41 38 36 33 32
86 84 82 81 78
61 64 65 66 67 69
45 47 49 50 52 54
24 22 20 19 18 17
23 25 27 28 29 31 32
36 33 31 28 26
7 9 12 14 16
8 11 14 17 18 19 20
86 88 90 92 95 97 98
74 75 78 81 82
68 66 65 62 59 56
57 58 61 62 63
35 37 39 41 43 45 46 48
87 85 84 81 78 75 72
59 58 57 54 51
67 68 71 72 74
12 13 16 19 20
39 42 45 47 50 53 54 55
78 76 74 73 72 71 70
16 17 19 21 22 23 25 27
26 28 29 31 33
50 51 54 55 58 60 61 63
81 84 85 88 90 92 94
99 97 95 93 90 89 86
26 29 30 31 33
49 46 43 42 39 38 37 35
49 48 46 45 43 41 38
22 20 18 16 14 11 9
13 15 17 19 22 23 26 28
70 73 75 78 79
82 81 79 76 73 70 68 66
35 34 33 31 29 26
16 14 13 12 9 8 5 3
73 74 76 77 79 82 85 88
61 64 66 69 72 75
89 90 93 95 96
84 81 80 77 75 72 69
10 9 8 7 5 3 1
95 94 92 91 88 87 86
51 52 53 56 57
98 97 95 92 89 88 87 86
74 72 71 68 65
61 59 58 56 53
46 49 50 51 53 55 57 59
86 83 80 79 76
44 42 41 38 37
53 54 56 57 60 63 65 68
62 63 64 65 67
94 91 88 87 86
47 44 42 39 37 34
42 44 45 48 49 52
44 42 40 38 35 33 31 28
55 52 50 47 46 44
80 79 76 75 73 71 68
51 49 48 46 44
13 16 19 21 22
42 40 39 38 35 34 31 29
63 62 60 57 55 52
52 49 46 44 43 41 38
16 13 11 10 8 7 6
57 58 60 62 65 68 69 71
23 22 19 16 14 11 9
56 55 52 51 50 49
15 13 11 8 7
70 68 65 63 62 59
76 79 80 81 83 86 89
74 71 69 68 66 63 61 60
18 16 13 10 7 6 3 1
49 47 44 42 41 39 38 35
80 78 77 76 74 73
91 94 95 97 99
70 69 68 66 64
58 60 61 62 63 66
62 63 66 69 70 72 73
50 51 53 54 57 59
34 32 29 26 25
11 9 8 5 2
42 39 36 35 33 31 28
56 59 61 62 65 67
80 77 76 73 70 69
42 40 38 35 32
61 63 64 67 70
90 89 87 84 83 81 80 77
36 33 30 29 26 25 22 21
60 58 56 54 53 50 49
87 89 91 93 96 98
49 52 53 56 59
35 38 40 43 45 46 47 50
41 44 45 48 49
75 72 71 69 68 67 64
36 34 31 30 28 26 25 23
18 15 14 12 11
42 39 38 37 35
38 40 41 42 44 47
16 14 11 8 7
31 30 27 26 25
66 68 70 71 72 74
58 57 54 51 49 47 45 44
31 34 36 39 41 42
51 49 48 47 46 43 41 39
43 44 45 47 48 50
90 89 88 87 84 82 79
21 24 26 28 30 31
53 50 47 45 42 41
27 24 22 21 19
25 28 29 32 33 34
12 13 15 18 20 21 23 26
75 72 71 70 68 67 64
14 11 9 7 4 2
31 32 34 36 39 41 43 46
55 57 58 59 61 64
45 47 50 51 53
53 51 49 48 45 43 41 40
28 30 31 34 35 36 39
55 52 51 50 48 47 45
5 8 9 11 13 16 17 20
66 68 69 72 75 78
62 65 67 70 73
45 47 50 51 52 55
27 29 31 32 34
90 89 86 85 84 81 78
66 63 61 59 58 57
44 42 41 38 35
80 83 84 86 87 90 92
93 90 87 86 85
64 66 67 68 71 74 77 80
52 53 54 56 58 59 61 62
75 74 73 72 70 68
93 91 88 87 86 84 81 80
10 11 13 16 19
81 80 78 75 72 69 66 64
50 48 45 42 41 38 35 34
66 69 72 75 78 80 82 85
75 72 70 67 64
33 31 30 28 26 25 23
51 54 57 59 62 64 65
39 42 44 45 47 50
24 25 27 29 31
18 15 14 12 9 6 5 4
15 14 13 10 8 5 3 1
13 14 17 19 20 23 25 28
45 42 41 38 37
49 47 45 44 41 38 36 34
26 29 32 35 37
24 26 27 29 31
68 70 72 73 76 79 82
60 59 57 54 52 49 46 43
58 59 60 62 65 66
12 14 15 18 19 21
85 88 89 90 93 96
22 23 24 27 28 29 31
38 41 44 47 49 52
52 49 47 45 42 40 39
77 78 79 80 81
32 35 36 38 40 42 43 44
70 72 73 75 78
36 37 38 41 43 46
40 42 45 46 48 51
23 22 20 19 17 16 15
93 91 88 87 85
36 35 32 31 28 26
61 62 64 67 68 70 73
38 35 32 30 28
6 9 12 13 16 18 19
48 51 52 53 55 57 58
16 14 12 9 6 5 4 2
49 48 47 44 41 39 37 36
70 67 65 63 62 59 57 56
46 48 50 51 54
83 80 77 76 74 72 70 68
58 55 53 51 48 46 45 42
37 40 43 45 46
6 8 10 13 15 16 18
32 33 36 37 39
24 21 19 18 16 15 12 9
54 52 50 47 45
6 7 9 11 12 14 16 17
85 84 83 81 79
60 63 65 68 69 71 74 75
71 73 76 78 81 83 86 87
17 15 14 12 9
35 36 39 40 41
53 56 57 60 61 63
66 69 72 74 77 79
2 3 4 6 8 10
15 12 9 8 5 3
39 40 41 44 46 47 50
77 75 74 71 69 66
78 79 81 82 83 86
60 58 57 55 54 51 48 45
38 39 40 41 44
47 46 44 43 41 40 39 36
70 68 67 64 62 59 56 54
19 22 24 27 30 33 35 38
57 54 53 50 47
16 18 19 22 24 27
62 60 57 54 53 51 50
6 7 8 11 14 15
30 32 35 38 39 42
23 22 19 17 15
70 73 76 78 80
87 84 83 80 78
81 83 85 87 88 90 91 92
34 33 31 28 25 24
79 77 75 73 70 67 64 61
20 21 24 25 26 29 32
58 61 63 65 68 70 72
17 20 23 24 27 30
73 76 79 80 83 86 88 90
50 52 54 57 60
15 13 11 10 8 5 3 2
91 89 88 86 83 81
81 84 86 88 90 92
82 85 88 91 94
28 30 32 35 38 39 40 42
88 86 83 80 77 76 74 71
43 41 39 37 34
34 36 37 38 39
67 65 63 61 60 57 56
50 47 44 42 41 39
42 44 45 47 49 52 55 58
23 24 25 26 27 29 30
80 78 76 75 72 69 66 65
33 36 37 40 41 44 46
19 22 25 26 28 29
19 20 23 24 26
86 87 88 90 91 93 94 96
75 76 77 78 80
10 13 16 19 20 22 23 26
11 13 14 15 18 20
78 81 82 83 86 87
81 82 84 85 86 87
67 68 70 72 75
17 16 13 11 9 7 4
90 91 94 95 96 99
84 85 87 88 89 92
90 89 88 87 84 81
22 24 27 30 32 35 36 37
55 52 50 47 44
99 97 94 92 91 89
25 22 21 19 18 17
45 44 42 41 39 36 35 34
48 46 43 41 40 37
29 31 34 37 39
54 53 51 49 47 46 45
13 10 9 7 5 3
61 60 58 57 55 54 52 49
54 53 51 48 46 44 41 40
22 21 20 17 15 14 11 10
46 45 44 42 39 37 35 32
80 82 84 85 88
42 40 38 36 35 33 32
49 50 52 54 57 60
62 65 68 71 72 74 77 80
69 66 63 62 61 59 58
42 41 38 36 33 30
55 54 51 50 47
35 33 31 30 28 27 26
55 58 60 63 65
